image_width: 320
image_height: 240
camera_name: left_camera
camera_matrix:
  rows: 3
  cols: 3
  data: [395.971800729265, 0, 163.878006743345, 0, 395.972157390501, 123.237826328216, 0, 0, 1]
distortion_model: plumb_bob
distortion_coefficients:
  rows: 1
  cols: 5
  data: [1.10408002786334, -27.1835942736113, -0.0241687480587272, 0.0117382325460455, 141.257631439582]
rectification_matrix:
  rows: 3
  cols: 3
  data: [0.998909645752604, 0.0352184001909906, 0.0306461075896199, -0.0341821033513952, 0.998847073986938, -0.0337061804155788, -0.0317978526457663, 0.0326218803216528, 0.998961815832516]
projection_matrix:
  rows: 3
  cols: 4
  data: [394.457662226743, 0, 165.845325946808, 0, 0, 394.457662226743, 122.596950531006, 0, 0, 0, 1, 0]